145779
521008
639999
90606
408397
983673
489061
34534
877295
323598
4174
45242
745733
965663
2856
518363
471847
828622
51227
918524
972692
952342
775629
22738
935758
279337
784722
564603
786769
142360
292847
271739
687793
698540
97417
320481
907151
105106
781231
497928
903863
106802
153281
95801
954330
695840
62971
955886
432675
247403
473442
134577
791799
353172
133449
628323
177934
777561
521920
244825
762217
463278
407450
671585
432303
28045
677466
10786
180136
948388
739257
460129
592853
572653
37015
63200
201449
999772
933884
299425
875432
503537
580745
324872
364635
337389
908543
174814
194925
730913
964267
225074
599654
97185
243501
341850
694273
40088
583204
245591
306091
198966
381561
134486
487387
31172
787460
981971
789640
977431
923934
608408
781836
561251
888644
3428
854867
573927
245988
363430
881599
533446
84872
797160
899420
217462
923100
631497
932539
981841
565917
116515
361133
325449
298912
730059
88733
836729
223228
785334
63819
432278
200342
35576
320033
887620
155399
455016
380467
260869
639724
931744
861400
532876
544137
601377
915551
580464
330650
776403
870064
673788
327032
484841
59009
247587
961509
288611
881969
210768
86324
96685
290181
45916
765336
215077
672828
546393
156487
764730
580944
493963
545482
510704
857676
210038
678692
161343
450309
651155
905180
332443
723766
178012
5929
583183
487996
455238
364090
480771
517674
409679
58527
910556
554314
242989
692887
143298
846385
359846
677494
459901
930110
440701
202675
311736
961135
737930
336972
630184
482207
257187
237142
37638
671264
19894
306149
198520
78705
574905
136467
848462
924188
430584
528049
290407
34799
168013
491784
555892
423252
240238
434570
767828
470799
865568
890714
810911
313236
786058
786933
391743
262467
193124
571259
459640
812737
417614
805598
341959
511924
354557
221030
555560
223066
964176
815582
439538
263303
836097
82142
634014
943033
40247
533430
518565
491353
879095
41460
648711
816529
540859
888659
520295
916036
353115
917632
392403
951470
352488
872458
950818
530330
128728
950245
617527
26042
401819
52506
886946
178406
264780
996367
624997
292788
23939
339566
761619
878768
685255
622581
461460
777272
167649
888154
62598
190903
879115
487129
5502
869500
196167
634267
659180
853750
152845
593028
188316
953422
638748
2138
333721
845793
877874
709901
988460
45209
438487
468775
347842
60775
323731
442449
91883
476894
808767
992383
563967
679279
739449
611129
971547
905597
342193
232583
469961
31004
934176
464633
97342
599403
349785
663952
810620
775947
406775
196428
326040
871931
641014
737939
839702
591890
574046
791355
51440
773848
154074
114548
96566
187072
421031
625813
666383
446598
649128
549057
979101
231777
399318
890934
221694
784230
61140
690034
463471
39033
612832
998402
901964
2736
358886
654376
1203
779333
403631
840744
8966
85240
998582
720751
884558
509823
986523
855265
831037
368235
535217
151677
697484
203993
705458
252591
461251
155153
858258
584499
518935
493630
310960
169185
332781
145418
21481
283673
256445
149142
897863
640395
883922
366163
339735
494051
980525
938688
696088
108176
888201
323904
884623
941360
761466
942295
691960
916314
65391
590593
144471
813255
41622
616431
410540
116061
482398
935198
709060
303258
669336
625110
381228
579289
645815
599613
10881
681668
55094
172885
673955
724311
204120
950233
56136
142604
773835
652847
41132
729641
595302
502153
715558
82274
773457
740126
675798
445675
526276
8321
107707
467167
564904
744155
922337
607942
587417
120586
854391
965254
721485
831380
427007
618217
521358
436937
736158
870599
517027
945589
693779
886480
139789
841727
819716
206072
829805
663330
954420
546815
155523
376261
728530
60316
286225
231672
579115
506181
304158
999821
365566
792286
522326
83601
604400
970812
755214
562534
861462
362516
862182
224702
843120
872516
846535
137270
17078
366718
412428
701389
838217
306445
982846
136703
485772
378437
174711
802626
125964
134411
729063
876188
457946
165118
320565
232223
962042
787393
542781
61634
386228
752551
517752
920990
634439
781369
59705
651906
90045
675622
862868
240051
948634
530376
572057
354307
88238
262927
6142
420748
808522
508300
775771
685194
215759
825756
999822
382290
535394
619887
671998
392691
700603
609268
908541
758952
639325
776035
805703
88054
171424
158566
347111
599208
915946
431781
251193
794597
855036
46893
813578
496043
162152
275196
684251
450602
87905
865579
19781
225919
729707
384440
132534
968139
795441
434927
959705
578352
453877
208501
368916
414888
537825
814577
331627
464897
532349
922455
385666
376697
762874
621522
67903
278769
537899
399502
262030
906769
330707
894303
215614
266169
487769
401745
661128
654175
111256
508877
109296
576010
907987
662628
830085
691754
908294
843323
76226
49617
271703
390163
82199
446482
434027
880948
827009
740789
430550
864246
475286
184084
179626
986732
517853
189205
793328
474221
457817
831044
133365
111168
480487
3979
111163
491683
14781
629393
153489
782840
565458
919021
793853
860493
836444
735878
904917
771079
595445
300553
612269
97962
517207
455941
884202
737799
948998
257382
801077
989698
233101
722956
154891
155646
478560
967815
44018
213736
18976
565361
895622
364829
424126
546920
266546
63033
996919
240679
237242
815037
832573
904641
199156
352348
931894
903545
922903
160802
958813
752512
498539
898433
40455
674060
884064
170554
63936
164881
986299
696037
693780
693598
518955
345692
238633
438551
992058
398410
787081
686411
40543
144459
105790
887537
261744
805248
26198
838468
113908
497715
552710
923704
216534
658145
956139
275799
604918
655912
188331
42877
425178
804814
543738
675500
554690
989739
829753
563917
531289
842357
143737
912708
706503
491046
794141
449582
48291
679820
206300
143034
389446
650669
340582
116193
769659
594516
413534
505731
633234
370172
783046
29216
381844
105688
198777
86895
960080
462717
29329
810334
132564
332397
48168
9255
652792
298433
84156
651532
850132
990898
987756
737647
433361
263876
280607
273936
576157
425935
548292
586915
489400
444587
165107
311437
218348
29495
816050
148411
451801
524678
859348
810463
43438
862631
706301
75912
213236
179856
934336
59997
185476
438374
708265
431350
563993
590252
376214
237656
629824
334533
616256
956874
850156
394151
511896
877784
280998
925214
506380
357156
955553
67770
116840
273187
127211
708311
705241
512379
86592
45191
848206
622071
305145
280606
652279
864741
833122
8473
551663
769485
261992
390763
356790
408078
537393
87078
819031
337750
122118
225475
625193
434493
273451
371598
106416
559167
525968
423920
535203
801236
948000
122842
66952
961902
82166
452940
943740
770703
115503
161215
62543
987524
559322
851317
592395
305281
900300
865563
894037
35482
492945
950103
284269
527964
965757
850676
549712
988166
46560
840232
636861
787815
939159
36542
217812
422805
92479
666276
14169
294791
185541
456403
986776
10640
604377
548950
159267
72505
365377
886714
382327
681529
947594
805905
531773
441875
