166995
343448
782920
762399
638945
17326
769040
882419
497456
403101
386853
393369
676057
414262
539747
857966
837753
639920
970800
617992
658156
829080
395917
199161
775211
514022
867262
104367
943040
896940
977364
160765
19425
942952
787092
645812
842161
195896
866054
845867
780238
256749
847899
760159
867608
772343
850619
513971
715264
495936
761835
555992
499400
280342
820888
272839
722396
408320
385666
478699
26701
181681
626888
568989
19750
509530
757132
817799
399789
493786
305154
434282
138424
834769
38170
367034
673192
881746
921928
892582
232391
621495
981164
314742
608634
945614
155875
818062
341795
512240
923050
460623
124181
382258
93161
139037
956852
16885
697892
559099
934633
450393
319993
30289
353984
64142
227415
992784
254686
213258
284092
815020
8034
160023
295336
643208
59798
974724
692131
940784
826450
325115
73000
796351
236845
835955
113773
176801
610529
967484
377104
132403
119610
760055
902175
586567
326651
65704
160708
772227
640653
672548
938443
990505
773028
690213
896338
786033
190257
999740
549516
810194
82621
137253
70897
550495
523433
666870
326726
724302
907327
239346
869380
20565
709428
564794
251688
408365
399357
651107
410710
438841
522506
952931
940587
455743
958563
743652
528286
906580
480286
176443
320913
58519
641850
578994
949882
42131
647132
137857
231081
92360
667875
259036
249781
388164
26922
483750
472455
638762
165017
908483
351106
455124
297064
354634
111822
316117
296050
715802
705024
349527
823537
349764
669159
303523
245404
416806
992694
670336
109146
274455
793737
565874
269281
955262
22165
580579
227632
480893
666161
319264
554981
291595
362235
583226
933820
99808
104104
236045
784740
264969
75564
66589
963007
928411
971138
600923
973751
534468
933785
920072
957752
986301
280667
827313
62541
620443
958746
9944
986331
51205
754841
538675
605044
183232
723317
565326
604953
81318
756591
198347
605391
137334
784215
914506
736220
432516
750869
888675
532062
965073
653527
28624
451145
846069
701586
938344
927035
167353
59959
235206
543550
728769
963381
739080
503129
609254
704164
826035
238163
336226
707605
725364
238149
61732
723827
632513
453211
750468
421397
328478
531687
722577
910116
348732
128481
496709
930020
137788
776255
64794
762016
239761
625005
396982
121974
528323
700074
328769
827132
931727
668734
175063
330894
656492
271771
488729
71158
175720
83728
585118
586742
319025
862244
618759
727092
954032
318357
716208
404099
132304
749677
766467
493706
321437
171965
887974
955539
231367
465593
624020
877618
293893
812528
650250
894608
452886
868006
399447
846163
662562
224399
27414
169003
824703
772266
879737
302204
908497
637240
528891
731683
268809
610584
400631
964519
565581
977217
933207
676734
980856
827483
917349
470329
407416
921850
745725
109964
574934
753784
442339
171646
808979
711597
417521
291753
245229
811534
845993
473775
327233
278175
523305
614586
166922
91670
854844
573101
28615
197390
854220
755244
350331
86820
669622
43972
136654
894962
258550
902649
837841
999398
270529
105899
362207
530622
235250
276004
764255
612770
341148
741120
421413
322141
183934
775225
200440
315769
637844
325007
504686
738167
669962
415824
755572
200040
523980
764553
52778
152107
81592
894025
487147
324484
559925
724750
537642
985044
408797
490575
173495
535035
673302
940581
14433
552263
527614
202391
987894
131671
136516
256321
2790
934096
911572
985567
300486
671611
731050
406139
15152
983418
14664
883057
539783
222693
293314
129436
520728
515206
521975
282335
692188
48364
821466
410194
107610
930928
622958
948486
183081
139522
715408
784823
290643
683054
304686
617101
842070
829937
917590
205647
575044
561458
9449
874533
459530
450655
659822
318344
422861
391333
505154
309896
811120
78219
287277
679161
139122
390444
447185
180475
372789
16847
113212
697829
83609
875301
257308
893710
598023
744670
71186
498871
688778
425640
73695
75288
647063
15493
318459
984581
335021
990407
192004
891773
484823
542123
550035
907599
972367
155792
240427
782314
660029
148626
198155
2175
914844
244487
149795
646869
908030
814677
802979
559465
834982
16815
962030
567551
166291
493930
277037
628361
737308
13056
941697
790707
446454
460576
219728
622153
642963
250095
550272
243782
870821
459871
118466
476282
166849
29610
397702
368278
54046
644588
891852
637399
826812
879963
75099
335821
834337
202788
4362
595207
169726
186082
28795
561502
452593
482173
342440
849050
704356
891933
806485
551748
577298
552266
713637
437193
588010
58914
931209
670791
234252
42933
688403
134967
610032
269889
661673
519928
482406
380933
772244
494388
578999
454084
614968
204209
3563
760984
789278
993974
848420
748335
684077
14999
548136
174119
320760
824159
199484
644738
865649
376538
112363
308870
153210
531324
723366
359604
130972
54321
743813
157218
714448
961410
573804
754807
37435
511649
26376
731779
444856
21265
222777
628665
382093
829876
629770
314505
390718
562611
39899
900318
72256
686660
4256
705905
820294
928219
228354
47944
896888
435439
333027
497167
115458
349799
839679
571025
679241
656865
582254
492243
381175
576159
859589
681357
207095
808399
87645
728838
983101
597494
333099
318475
423676
559992
607246
577035
427579
475078
883240
304466
619842
973412
400931
1056
318062
283286
815189
262374
58148
991270
569470
861020
347426
726485
448238
417090
137777
298140
763780
121329
103671
723357
624529
419420
619561
977131
948442
294056
407133
670002
655548
499110
464189
622789
995562
98985
606040
555523
691282
591945
111826
631780
836318
879218
761532
261861
735831
751145
177918
166478
792483
693469
757041
214621
111727
464230
974345
511569
326696
266524
107823
187284
60450
883606
465837
330309
919196
162750
378627
504674
155547
483790
701654
95119
838450
536809
952200
96005
559011
421272
625059
591066
616032
349407
103534
638120
525226
851900
817826
400669
957275
333947
295991
646239
354175
541305
751895
896281
305372
14707
529012
604711
328850
589641
149301
400986
771741
7893
66251
128424
732536
326626
611170
332915
976732
267339
135028
465844
850727
614770
472375
694788
577431
184921
937591
775751
520501
939680
321470
418421
75918
771676
630959
662406
94044
53840
220850
222394
118724
398282
546569
823682
471033
307612
755265
881102
856126
225910
36741
418996
987208
15773
293901
586106
918209
126794
356467
552832
112297
533025
325670
249293
601559
733004
100535
165620
584350
956660
980177
308642
834059
812636
340742
217351
700234
395865
891780
47391
227047
682162
2598
612252
148210
244048
224039
299250
457277
496738
961521
769598
853439
386064
392403
470804
758875
472857
460306
688227
965690
603019
704342
668039
296404
221342
229381
639532
352334
407022
878189
432473
334590
88148
318299
912992
329866
245087
406089
514465
587054
776180
480819
90614
710236
880447
352266
13118
674493
460309
349698
544457
993174
522280
21062
925149
964742
581542
336075
316003
550827
552686
707330
309425
437093
540847
897959
518965
522098
231007
442999
548794
645625
961110
313662
440538
43362
474885
492878
61697
381986
47189
703244
950809
828820
633568
722660
921432
833795
535878
207964
785058
910276
878829
19078
444187
232640
736153
441296
430797
953872
645476
137333
938995
715777
603034
226070
496608
425526
999091
377827
821327
584237
369262
773107
470088
633434
285702
351156
555819
12143
620115
241468
93852
496637
272448
367678
365963
458164
27237
240600
463070
48902
423233
807880
298814
966698
73109
876799
995067
408829
968671
95950
600989
8387
517042
737725
864904
870666
880878
779963
835978
615791
597538
449711
326789
98746
196539
117356
862068
337573
950502
26500
797403
480826
253322
670004
159759
600282
13275
490556
495263
957849
80989
526162
994078
735431
881590
572972
331406
483338
889325
213883
653163
398887
433029
771320
527889
127647
91440
864662
217034
359094
921330
914455
492344
389775
457043
308987
988123
921842
526912
427155
153920
479600
601152
614387
59335
540638
508302
640261
175183
134780
447703
636667
284096
85434
197713
171868
275316
696272
955445
619904
479939
548811
684827
422743
437161
182056
582193
635363
250902
531801
589208
995974
440723
257572
412636
567925
178892
953899
756493
504460
220222
2310
930238
193212
132798
889100
776794
639519
329763
490481
624478
449900
475985
687881
616246
172934
524067
105707
481208
514991
108916
543665
98935
486489
667850
744283
539781
258141
753504
134675
32393
468741
790863
537611
940089
19331
101336
897538
409843
751301
738768
238694
198334
912544
460776
378772
227352
531049
584472
761979
556539
332067
642472
53790
215345
640338
624347
643447
334928
795310
91256
434169
598997
306547
877750
197487
338841
973461
429443
513984
66994
388305
662065
940179
584233
985375
453438
636943
940691
512964
478270
458107
202510
226883
351399
572037
885530
659571
540793
752542
588369
958956
715208
1026
204612
194139
360423
854101
827060
815926
417779
828777
657578
54217
201913
822748
415859
171502
728773
684383
200636
597786
627016
528721
734534
782868
475045
671497
9733
270914
642456
340275
270235
833052
864515
910737
173804
422017
512023
979363
883101
839208
169115
499106
74670
55343
241884
895590
926194
746703
890161
13863
786919
321841
602026
465824
965750
421081
782869
148175
927944
809857
869228
539161
842370
133185
316382
240459
284319
241513
848056
574204
318377
429425
376688
107726
137492
22344
970510
329619
646775
569416
748664
491532
915879
813323
640024
984716
499954
145879
505132
367035
577141
295348
896617
403830
38619
869407
499597
929172
655474
555671
969856
453764
223595
46100
450598
997202
689838
875223
347972
465672
675224
64604
750156
148465
707730
525805
279110
931193
475727
645201
832285
699760
224546
622433
807172
500781
764153
217402
379843
837967
4282
614478
784802
113951
15096
682197
240432
615825
243538
228130
774000
3049
252840
835920
626913
304891
212603
912411
856873
706442
92256
611210
685277
534418
714913
163722
350383
33058
44976
627223
87541
791904
716809
717907
394194
568368
806755
160697
677699
790000
843346
622955
182472
463067
361404
353639
662636
89037
933429
946008
677875
336997
102714
866505
211168
893190
64903
554228
114656
659896
998357
722105
480982
174829
450804
308842
168580
832029
496448
525891
850963
508306
731587
784503
337215
832960
179111
754533
665569
386764
973014
932905
43290
709549
23920
972303
843993
269168
22440
786915
124234
720469
369788
369444
837532
505751
520846
73815
7084
179209
596324
205815
680659
730140
463161
573641
587209
321277
523005
430094
555060
767579
579824
205266
368145
483526
444374
929634
541886
842291
267480
106075
929953
218012
156279
574556
898361
313476
716653
564445
522559
629848
261282
687641
444856
91569
754888
609191
306650
457143
601491
948711
205272
743327
768920
590679
742476
554068
368705
813445
7680
561524
250731
695071
59545
240753
730780
612006
688417
600344
67428
114113
90608
857262
675727
676782
322933
668470
236163
71443
212646
784656
433213
897011
287874
486908
956067
858556
612799
225467
791301
695932
602134
155222
837300
31092
510823
561464
20223
332549
140873
833142
392199
20615
889842
128175
24062
56377
921024
702287
450304
76306
531298
286701
863437
604214
953638
47188
634275
845572
809375
484063
339060
371980
789682
811518
137353
230494
120765
157461
799155
354814
13157
653955
410665
827827
93435
729472
303107
944958
782667
252255
273554
263784
426944
83763
344922
203892
545719
311374
30829
525236
242846
399844
496164
890168
760457
499471
461821
897633
330321
72748
971596
850835
574761
307490
541919
873353
215422
492675
365427
70850
881226
424714
650188
538841
279798
633220
865333
578738
53738
528972
872148
436368
946674
758319
963369
402244
35790
796718
628643
29696
603094
520737
935775
667274
4872
468216
296382
131404
673712
641629
706465
597576
966706
496181
98116
961192
775799
948934
991988
191795
181298
746739
481966
310428
788942
206626
181078
818165
348086
423294
328657
490433
494464
910872
453439
204006
307063
333032
421016
125441
180803
450482
417186
462228
639607
613508
661388
271130
295799
125084
259370
800700
121604
576294
699918
770332
564514
856127
812302
406069
380068
358361
376358
890947
599477
700161
497580
672169
917527
88706
234156
227309
94054
462281
34026
50253
838746
84153
564275
149675
945705
510444
509327
946516
487177
453575
613651
174
911187
299513
537107
967102
80771
912336
148084
579860
564508
173048
94750
489043
330345
742800
518161
229665
792157
156586
834895
5031
869212
882463
667767
626117
478355
613453
669746
187350
399874
216303
683654
787419
91738
87959
269704
794886
284864
160778
974254
342053
869937
877560
614531
352553
185729
665686
423667
156179
728060
967066
31174
567290
36845
702931
665386
403707
328316
263330
317800
29117
320626
216664
357433
299167
64857
667246
798642
505985
893183
566555
938714
891308
890521
822678
583964
523231
830659
620776
621335
595255
195493
349484
601811
581497
401010
644646
476943
581439
785738
413310
713718
343678
825279
337432
556463
497648
186485
795729
645459
138210
93475
807511
525690
820444
973366
795173
642286
96744
488148
153114
107649
40321
68861
590517
146875
306521
382222
188079
750123
881223
535200
503733
514462
41996
3149
864257
21422
526336
367442
282452
542770
738654
434128
536402
739283
975849
859885
23993
208126
526905
502552
545151
408757
231397
436585
651848
405249
292302
194982
701697
257538
789958
61986
804700
181926
494236
249919
505704
880504
394821
166997
245324
812560
124521
149675
746080
246249
838727
446434
992935
227663
374853
82802
463853
275767
262424
655755
921594
994409
561868
435997
71920
606232
291824
817011
908742
728530
785314
585978
648481
161874
136819
629600
533068
1011
630902
898136
357844
604031
687594
887098
241539
418534
346369
664006
648503
671818
65356
471817
163933
277623
356870
569624
329039
870640
285434
111161
468168
992996
325713
758370
884032
566912
510204
737433
216297
831774
194874
880954
94916
799515
832902
969751
314272
914822
169825
152505
355248
930483
888951
592261
114440
936880
319281
437882
527284
152463
878614
572055
533365
639074
526686
933594
352089
638533
686549
991650
275061
932117
648553
760310
997314
134655
345488
383326
599826
22259
245912
50927
875053
271350
539852
874405
469836
254999
654848
184040
973681
129401
949818
944689
168481
102671
183549
657670
290176
255719
417267
609441
806471
524701
577398
475375
640100
390128
79163
807412
900462
923569
490843
139659
226626
774359
552959
418123
974399
587120
281768
749830
743772
720114
103513
552619
86305
360048
21473
825291
949128
425000
803721
980600
879729
630585
322070
921353
91132
655985
154427
245883
924167
363204
180254
169138
20868
391194
222213
723613
835381
894207
444765
818935
676935
548734
310439
906793
207688
677127
851263
981644
649159
979917
380427
60045
558407
434093
996476
913002
88543
571144
96068
313689
957809
863985
241300
304775
885829
317314
77008
401277
914945
727561
765330
654239
495047
525600
589016
105743
109355
532698
985739
731438
234639
61081
449389
601602
988381
707965
747486
658099
375969
746231
104842
702256
881345
955835
258034
255663
161305
982804
120918
783121
989495
46417
888188
93923
433456
384157
208096
318017
363549
169901
684345
284373
702134
569618
211171
876797
554889
138734
416365
384587
290198
78915
15745
630758
526538
805607
892268
868493
604886
854804
97802
184380
465388
584668
949455
408615
158806
242873
512628
605027
994994
805250
891068
689572
710798
721338
565345
136801
785116
941315
507296
510356
55634
187184
553886
508701
762273
473464
756085
339846
400335
276997
487520
583009
129331
599724
124671
604814
421197
443448
336070
826137
568063
818783
98696
788224
684268
672406
740380
141137
738156
373824
590313
581170
265769
316865
629780
969915
989785
86706
124994
344637
144728
800557
979980
302246
871521
523335
96639
334652
673064
315933
872204
851463
973016
281607
244755
757068
442084
409258
625606
396851
75084
378090
880509
555018
555118
785340
481302
150562
815430
91097
292039
979159
621572
970382
875010
372654
378057
125360
54083
219223
520509
932718
715449
307857
5967
915519
511759
468204
808138
448378
448981
431722
747217
218500
964240
436351
621687
513955
920474
502072
100669
288817
311607
358648
101737
988333
149878
86556
828799
30444
28353
163776
297951
142253
491393
312475
869946
291913
61040
210822
748658
316681
58812
843354
266382
795602
989013
387574
178262
514875
263380
168224
836753
248255
64071
643907
430361
511630
230621
977238
597208
296702
989867
602846
351329
591646
459608
510601
665901
593579
572779
7227
618032
652444
133039
349607
593367
408984
549441
543251
417761
433928
12086
897149
749463
271494
415787
271516
92521
713780
783850
925119
406567
700138
537333
351698
732056
159815
673971
780928
288443
1320
883124
225394
770648
243447
508835
98548
190145
129499
233095
752505
505514
629645
186997
131957
761250
766347
928854
613096
130285
546085
728721
525179
69952
244596
895765
773251
599513
215978
409604
663330
664376
290629
813055
105932
829629
751070
341642
496103
624863
751582
51740
187660
807622
275599
378502
538155
732487
274192
117181
740043
424058
712611
851142
392046
6712
893793
187133
133074
165110
870477
402049
388692
624889
438725
94335
265456
903349
116884
999002
293219
856966
740453
761396
299313
375178
547986
481756
807811
994713
287899
219604
133672
988833
878451
507325
981052
87971
816307
748193
237158
697732
567282
320349
860155
440657
859884
101673
630720
393426
779102
234758
707084
526025
275764
969667
604940
582792
640282
52651
253344
744748
340015
519310
598947
503929
558744
576746
863305
62419
48881
917174
159649
652503
119773
699532
458425
56020
912766
583857
669280
685098
833152
516290
285510
18813
453648
648252
372992
22997
673835
575847
808872
681749
233873
663968
90914
406677
757336
373634
647545
860191
123612
867632
933223
893635
153620
623362
962035
953367
774400
652042
214453
43535
2110
795650
289013
507380
807228
981779
140530
620356
206600
92356
272126
439719
643076
597565
162950
252297
835253
807863
290608
640536
113466
165891
264029
942492
345753
186611
291662
781997
749685
897833
103138
876182
420444
335610
332413
183621
665405
523710
93637
805227
121463
870007
470278
877430
402956
943899
876789
990568
547060
700607
989266
874196
59918
702690
78438
803381
332081
354772
754924
100843
882145
670401
695372
135635
227613
463262
544130
530241
379157
786671
314078
201565
341625
498866
182692
163799
588653
34476
367059
770312
823385
604109
42435
496615
949724
668546
290599
43492
633312
86936
246067
754852
967496
581512
984727
637594
622151
411235
534056
369983
673546
590811
856032
112749
696661
316971
856764
73501
736108
806308
867588
915387
270375
390677
811111
997731
73833
870615
820036
156219
413034
274354
462469
594157
966575
71471
394214
486655
143835
86460
748308
787728
96160
330229
721776
652273
681038
489941
244210
208861
947788
958584
294122
526615
382628
894860
66914
451807
222839
289492
764640
825808
221202
556632
330760
147033
272025
137581
228445
933526
350944
442908
730664
445322
427737
513778
667441
737851
912359
806436
314090
497386
174033
430172
452332
738862
505746
644964
438360
647340
9869
166830
889120
540789
20829
404541
776798
701052
276235
901492
327650
405490
823705
749177
352649
187520
771003
289350
358664
985120
933029
127500
504520
903001
248319
103300
122348
218517
897910
876691
343854
91616
931884
176280
817895
912511
814543
15062
25389
854379
472903
593785
345238
353833
13769
460039
237723
622407
150729
628068
421720
693685
227980
584449
218416
543741
130843
311715
866702
87200
704595
988940
538758
148047
591130
863624
478041
505987
874476
538453
662103
893497
245395
861103
776287
307213
936245
531896
284930
25650
79431
41025
779142
700044
618528
881592
337799
539498
36840
705838
812919
249379
450543
830786
887557
950028
40538
784687
181276
375827
284600
666608
519170
739195
221426
686732
995105
323764
191393
244097
935715
22998
379578
537681
462582
741114
774180
929251
334959
233525
126058
824280
897866
662578
863116
881580
77136
578411
936432
428804
603153
16388
922870
938970
512785
235332
798185
953857
690879
518320
894289
594967
409376
276486
389669
985991
128395
717331
715037
483512
918541
176689
109670
956950
864748
364321
925487
843963
424329
466433
298849
258297
852255
17001
304875
507846
435304
358696
684730
720389
279710
635542
770632
589229
779806
916182
812364
714200
599529
466347
883087
214378
792837
903731
483743
845340
525633
154243
32284
64612
977429
970145
948335
147971
822119
262232
416347
72234
731562
353404
327403
136458
551201
567354
356747
649207
504514
975643
626355
194232
77429
985365
655038
198893
951995
955918
65689
608989
325676
804014
22231
367900
555353
878879
648480
777109
313040
255460
792714
754682
713725
433555
58176
975365
553069
948976
783966
950121
213166
507496
58527
770522
445651
582311
554862
391734
152852
924630
771736
90894
787345
85940
764195
299029
721015
862288
957624
584996
789436
922081
751035
663016
211204
116098
289531
905321
514085
313740
118149
813751
562888
768146
38099
19507
629030
541043
711650
520759
340914
28768
664673
749219
125526
263979
103877
132933
339541
471879
753593
613540
5199
634146
738163
976874
110051
834524
432290
858283
37742
97570
348996
542550
804018
49900
809171
252663
659027
715407
729759
345574
189562
647679
177207
549712
742620
919781
396609
488863
234197
693593
369513
880713
715566
198268
798582
588274
589054
215477
892664
623231
465068
463878
901790
344824
445330
98570
90660
3033
761917
990157
706153
602678
755921
133192
703710
600648
443593
241143
884443
514519
649181
760537
598860
706502
224252
515908
387400
816054
401913
407266
112386
503832
795586
265548
798936
700371
982538
243905
780169
269774
55049
965058
529220
51994
700889
897294
269467
494143
596417
129141
208406
741282
391887
229340
148068
20624
180638
305036
525037
739753
19639
751158
400642
782315
490004
441799
409334
719066
955200
435620
107142
164425
978522
244227
102771
275400
527736
360677
666417
4459
848935
284019
117880
156146
429201
382068
442039
622746
917880
330665
427880
443839
466206
537286
710974
698668
667527
584845
782140
136129
936086
639432
107935
446016
622357
14050
204347
191092
999312
78818
568292
107134
856544
109765
478659
199485
516101
630136
589768
424473
335405
827567
29694
110317
687377
972517
177274
170638
701247
712496
470253
587772
783538
204096
903001
745317
305437
775412
621536
705488
959367
859736
726712
642540
246159
81087
961787
626678
860049
538105
506651
709249
740577
980914
364531
858149
390772
298343
209208
708934
920735
537605
683470
687040
506167
843168
681527
841452
278871
848141
184230
597330
495999
26588
48562
431083
780313
445429
383910
295569
654168
587854
647861
341317
554873
886534
454859
431069
288300
604385
150526
877000
385675
263585
767843
216511
259720
816701
135357
176714
452198
62464
493137
572012
411102
475713
754325
581869
921058
903739
440966
268738
391485
242504
676377
378138
691801
314367
414025
730311
293467
824614
791119
527751
962921
844054
982000
284719
989003
113194
633072
194803
244015
124579
348004
580820
450182
271964
515813
89510
175757
593572
348129
907005
917158
750717
964107
311732
766628
755312
217458
581273
284582
912843
147632
650296
539994
801273
730489
83075
620195
864188
228883
113499
102613
685577
715492
663229
968989
647039
576743
271564
195518
50950
618361
630582
647286
989120
93072
66310
396095
402095
139146
443206
110257
651875
712291
379151
313092
606813
963265
410287
127156
308166
444394
4405
536573
215301
167829
184923
844166
214977
852702
977745
204570
958195
132754
351330
820049
986598
836842
239301
362637
831758
726037
836483
709856
223683
68398
711551
891403
6552
97613
58919
951906
339932
917881
209014
397131
481453
279355
147939
238949
721459
112078
476265
665924
484992
735026
23604
651803
643330
462175
615013
417651
171235
150295
131138
672471
347837
843220
256445
443218
907901
204321
838623
750032
772819
793733
578193
23330
251859
304538
732999
743709
650539
70971
857226
892450
251905
895771
768096
590903
164393
92659
143705
883860
448192
386899
602041
649211
246376
27546
338749
658366
825824
971009
396108
202852
604606
12113
244219
351526
281868
35893
463037
208020
208573
503658
916902
698005
468874
155602
212378
541899
400686
392552
102102
413077
908602
481678
459802
785774
78805
730755
618930
621619
243924
642288
318944
507329
996274
306081
889192
240508
426796
41489
246072
562029
583804
881502
689905
641155
794287
670747
371734
154746
159141
312644
490384
92121
584997
481164
952091
171861
301659
269843
937041
214995
632431
671668
487057
449099
836226
615290
774924
728264
6791
631410
359404
878412
870588
478363
913184
825296
591044
217402
263048
535336
34723
90890
512506
638725
216981
485585
506095
565589
498187
530446
770190
881989
348547
801231
126290
185958
304771
690783
785562
151533
329457
72987
345869
678357
563602
4453
523431
611487
713885
585970
58981
602809
277115
413183
587337
429245
4190
945441
39498
749200
518139
472505
398108
240811
710053
983877
207767
98102
802055
665428
519110
98896
530302
731218
982223
288811
102225
190337
864314
51221
530190
15817
942495
835473
499330
312550
181489
779876
711508
499455
730849
708843
153086
678999
747568
706729
918569
537116
967572
348831
745445
233693
653318
742996
472834
712665
479718
312948
854093
932082
600076
813653
955690
568961
985324
598100
617227
646723
787429
347102
123082
572464
442086
863883
703593
532972
330429
28836
156067
335638
386686
446597
50478
378815
680588
457246
31888
663477
305863
988371
828699
353853
600594
22084
821767
446174
824895
955942
467434
346842
755994
330704
750486
965624
84111
636626
500175
117500
893240
221440
112807
620985
209479
713740
422777
676605
433613
491537
854846
940074
885541
469228
830159
497060
918335
330181
192247
372838
332492
37420
237940
858991
143363
959518
955083
435483
765327
104294
283397
96780
258581
409888
590409
333639
406117
43993
392023
597595
110844
154450
636894
417595
759795
767139
692859
828845
155017
972861
11792
247323
465416
818120
126140
226055
510550
616235
906300
421980
752410
958697
86814
836511
681736
103720
569053
160324
173515
148430
320414
967581
445518
283396
776070
801837
173032
165084
505334
442523
632737
246223
671076
22658
692133
100639
195095
362405
253700
212251
274238
445184
246756
97217
11758
21754
595332
900605
866167
554678
445613
90192
800353
426504
407223
639500
25992
964485
568821
355515
596881
44659
274942
740128
550728
785311
215897
268565
522648
1614
886916
881427
372646
749067
5857
423377
923210
128543
320254
101251
226538
924063
7615
824003
281333
431263
628778
74061
626489
781828
95887
953317
218082
699512
873618
934419
802192
67254
91479
301710
516051
386052
725064
793079
650694
450497
714949
860476
586565
196756
550057
238749
552972
371524
308853
57163
765933
871334
300252
685164
333805
545841
88107
896508
212989
778350
33618
482381
689104
838794
173074
532783
133917
629517
649925
702122
791731
967973
785349
607528
758195
38492
932474
67952
470255
538473
723012
919117
571486
711970
239233
65997
994104
427791
293051
992869
803444
182489
954161
890546
714652
767393
53441
730714
44745
141869
309039
396433
4225
20989
321300
477431
618793
296764
391717
371167
742249
584274
408863
246827
873435
217494
526348
870355
951150
834337
336181
485124
299677
836605
50980
369381
211336
673597
768789
409076
889004
988326
718009
136079
305220
843723
611622
608271
774971
874294
966110
838351
244300
619394
454841
482506
150840
685830
767986
626466
611747
463340
835468
311101
86540
357663
317535
178442
749415
154851
462211
330338
510489
147262
8087
22473
897871
453012
724463
675091
505532
278032
550040
698211
435949
922622
336712
736207
897226
828535
440615
64223
714539
801203
202612
317045
372500
608578
363350
527942
556815
537238
394624
980486
62309
669944
446399
490210
672312
261467
77795
23847
157760
268366
504072
972864
970720
128202
560960
944412
429796
178411
862302
690734
789274
156412
709153
616846
796041
780331
518460
523837
659602
413340
332478
977862
245666
902297
85091
48959
251538
97702
211126
240431
206619
940402
685729
868937
93625
451754
653971
193495
186011
462760
664076
715762
450243
716361
108360
969837
794816
5981
902406
603922
197446
24375
315699
615876
455975
26851
781240
278851
127920
120759
500253
289038
496674
109954
479256
890339
404684
245858
755190
720930
863810
684082
535653
487120
167612
689440
136475
820855
832204
921372
526631
599210
296125
712108
384146
888997
996357
84956
329329
75923
410152
207059
556874
373034
761385
164289
49825
185586
181228
300085
137822
499619
918381
166411
405596
497963
454679
855938
504336
842510
804866
757740
41300
351720
631372
280446
520783
390990
616723
868231
350019
569299
144460
68030
571251
12326
579843
733940
760239
871513
778799
85160
915262
467260
902577
727353
830438
616616
729257
302326
284698
74327
922165
413713
868353
761328
680583
328691
167839
990754
800098
904745
873250
870182
664497
69179
339723
875942
839812
698461
230327
722364
9064
806975
413450
404243
778337
332095
883639
339242
747590
47999
822637
145847
217530
542864
495329
487144
18690
592589
894260
282308
276424
183621
259394
878128
129963
67280
300678
602190
572801
144066
75181
900672
981866
241214
957878
456586
908242
389474
286210
101526
908610
855392
394493
96592
48035
653356
188137
626993
883665
224337
766980
165210
701848
523423
167574
533590
512142
47103
640921
184706
648269
171559
318788
471753
55114
57704
326518
307399
50775
497316
455420
874831
228849
801758
167871
149192
225927
608682
929997
535090
302536
465923
259010
911686
245351
129915
960146
160444
382638
325325
959542
182566
68796
492622
388401
443642
830557
761858
453886
993389
231940
444299
344216
174202
409703
779581
164901
857345
7543
820365
648512
552397
356219
457639
763234
782446
242760
313950
56236
58565
952799
939518
583955
398174
26275
72637
431464
139703
61173
223952
415491
239071
908014
13915
166027
285434
320632
78784
559269
363553
943113
161881
701623
875174
201085
341824
871960
547445
176336
13195
852246
898966
563509
186069
763555
575438
10005
463735
49756
580325
88103
890902
179767
664963
488296
77654
524745
67508
960248
381229
623666
260619
485841
705362
749798
467042
65828
952723
164056
169791
434322
826822
42372
787218
974723
794135
228122
500314
708519
118977
35970
680936
516231
389656
574992
382652
796167
104770
717510
875979
349690
549574
363840
46562
363746
146812
756288
462052
554114
416036
208790
910959
167138
919443
858924
31325
425503
830280
493036
507175
996012
560285
880334
491811
26857
911193
23681
947502
857438
314082
122549
61732
420244
534096
352131
568844
357968
988700
471738
127633
20653
203767
560903
984683
87061
405303
6976
257757
140955
75628
463821
100119
196152
913041
796019
221499
108897
600606
622782
730940
528897
824123
759819
656099
833240
753742
731247
192812
713008
476469
497800
449357
56823
713232
135902
115798
782782
118069
773556
133811
995213
846279
500081
783887
430496
778080
645414
818387
508930
80619
795132
683084
552261
445327
707771
49579
277852
660550
515641
279589
116949
808780
835101
144763
729589
301362
929423
360340
493809
926289
380222
405446
301191
639068
582541
558771
211576
52111
672603
852240
436258
981188
352109
965889
866557
888804
569018
340576
701170
582074
866900
198877
117395
36259
559278
299007
831867
130594
567758
634377
432451
336336
91920
606840
43806
220592
553940
239592
604242
52833
332933
921173
519508
184300
807431
976639
960382
264317
432380
808551
532527
812591
379315
807799
787263
266688
850542
527678
951581
313444
398671
53145
467528
608309
503838
601773
887142
156039
881273
307856
827908
76122
379737
358599
132715
525801
324157
274666
900827
347679
112757
991780
323751
113129
692300
660887
695468
107750
347539
630620
454063
156092
282566
978920
68243
872004
617246
182282
559667
650469
590002
653392
100002
708862
950026
14666
891196
761469
43650
382054
820521
686413
338328
791418
416366
813100
145682
137057
192879
801754
723919
452796
897605
151597
407592
395546
831800
526914
544258
146290
980697
895310
621491
783757
181951
770066
423694
788609
451484
408365
596813
520279
310266
605643
535706
827342
475672
386171
827258
814073
35867
696031
72854
523587
780595
235644
354151
991699
434699
707697
34302
334410
961132
276357
846062
504873
584623
229657
961559
686544
579165
883132
931855
122721
73573
790621
922158
238531
51768
595035
81462
276355
128901
405305
128733
33940
754508
177453
183353
570807
167777
131799
178567
113014
285696
923471
728216
36746
410887
435415
169753
826396
37140
97328
357053
348520
68539
965704
868745
218878
72868
561360
992060
523106
964480
727980
133272
141012
168486
298628
258513
169706
411278
881720
805329
496345
761896
768944
320422
600402
988442
350288
377545
739336
160021
702539
252876
954064
362579
149967
701343
612002
365551
600862
195134
71420
822368
770749
702331
930790
79763
778117
123299
405840
562853
118486
667728
2327
421562
496619
588939
890854
8956
934345
655963
167417
765300
406994
326127
518653
474494
878454
805283
110676
460140
820041
313266
979829
346042
506991
239033
839023
595689
285107
14820
762125
520058
246135
387831
245525
140040
287110
133627
603051
555586
151557
482563
902995
816068
392904
722777
609556
76562
614530
553418
515255
70193
379924
654603
534127
362081
249158
929351
730130
616186
747091
564166
387781
132129
72798
898811
329207
153256
133635
43562
811140
87744
121225
499828
699193
355099
321651
715520
301239
504098
611509
701320
276592
373456
815812
467709
951759
560425
234822
636824
950772
104027
445865
66495
385885
108143
710224
486800
294688
279852
339495
310156
368020
797897
894231
566883
549200
706828
472405
27992
568587
625027
416341
442384
385379
319774
278749
592125
813881
450279
192116
510561
394233
493920
150585
905858
198647
476216
149775
134633
82357
557545
749686
794326
739969
441969
243125
323075
487547
401642
821427
373971
616052
164104
371622
544535
578674
387631
898402
115645
803409
562415
789907
525078
186628
243869
644166
131330
348600
982735
642273
497979
902809
166323
967923
816570
730733
188940
789606
528521
629407
47947
81
796774
564439
772678
210602
81425
89092
334935
165785
361907
785211
574292
747239
504491
900281
656166
384853
606134
441028
9928
9033
765113
603312
831262
889572
752046
804222
617007
47727
14633
346335
697601
480947
354438
73622
585808
715943
761585
449531
783978
724804
950098
323099
616170
860213
405587
741757
677135
881258
889807
907840
949816
436620
985560
607904
766910
318091
666789
165847
990574
706386
797143
581920
773601
675356
343462
708438
524922
406048
401132
971387
447804
961640
635918
826390
467333
459200
823619
881523
417451
817033
595266
979982
129202
653741
929548
689290
297511
217517
187859
442460
683803
474710
864518
16453
40191
938898
999162
436732
87833
866906
896310
827369
158049
257673
322779
165966
31418
528780
371438
790977
847440
339958
60676
499412
641994
140912
383625
896149
502444
179277
185708
735408
688781
617660
128874
560819
488047
259415
316342
739754
884288
980696
921346
160617
952428
621994
272493
83432
571037
192605
732297
73928
631184
649716
979847
926900
281621
656857
944386
763171
472099
459633
788580
206777
499157
21833
568633
928333
392709
918383
699406
887430
109828
414366
642501
445598
29107
634641
969849
389896
770561
730168
651400
952622
4801
717384
831105
673043
799014
764973
215659
709208
654366
780507
758192
6042
947593
16898
402853
535800
739029
900192
281847
342322
895992
37680
542963
293549
793416
442368
252081
539603
721722
89312
84766
666455
957045
754550
715621
141462
875154
290991
634618
750873
746163
635536
582979
729911
869629
629098
137187
286295
302515
823852
140579
746708
468016
888659
845695
26041
706049
908540
26827
25899
893980
447001
156032
41574
454081
944962
157735
62495
870124
198947
86881
822473
708276
973972
514385
287988
884867
204870
59750
361039
194802
877336
597896
718222
662529
846473
596190
693095
256304
168392
320378
537590
871100
716776
499490
5888
835769
794991
602172
55444
672265
431054
117845
476813
325238
226282
771662
817973
939186
884761
124963
892996
386152
986920
934617
516038
965310
171865
245060
826714
187754
207594
881714
35734
359918
522704
763895
725896
837873
295683
4054
579416
36412
165874
96521
643273
921229
871128
238766
326814
833435
931110
705550
584153
822887
570912
707210
130078
647420
238660
406884
769783
914371
624164
600487
590833
547077
250837
953460
205283
883901
769024
632171
916494
407769
491350
328434
315808
39245
213216
329765
93971
160340
553204
830618
106418
38213
168643
25167
789820
519502
812688
184307
544161
738127
184763
997134
558697
244309
83515
93133
538036
773937
878635
866926
674332
620405
528827
121028
781878
374410
284295
797287
218872
260593
389956
808252
224180
227156
13591
817885
732611
915272
841920
635684
424957
60834
146099
43289
98468
283571
431303
632949
106976
290273
971847
309651
321061
343011
70055
478002
781297
88792
955024
676777
865073
939973
104540
236072
922499
527465
383646
610854
555094
31551
794008
709869
570350
560976
887056
537982
545668
347890
543996
627617
855050
749088
4442
272142
723276
235767
436252
968177
173298
896715
71873
337310
328482
303780
636543
461713
387778
535704
699292
905824
275099
726406
184924
520767
775833
848428
822293
781424
512943
372198
937502
785989
632855
854468
764070
224723
199991
789062
79073
452213
533535
113335
484764
988346
57007
803235
984306
431276
59478
611061
725975
841342
394869
124786
975121
441873
767649
600524
44807
869987
911240
608804
901682
648596
69867
47519
839856
10070
546953
36835
821879
402097
357404
826543
387174
391153
108732
980949
324663
954989
821730
545172
746385
653492
805576
518742
738554
24213
267819
12482
766314
288779
247730
1215
85691
314947
489193
641479
727164
564620
675046
337315
744804
13082
95180
646601
677795
58871
241390
362958
884884
393543
945867
307081
451407
384310
562359
853126
150172
897792
951195
441764
133762
994588
811475
935180
869949
135366
346037
968270
645837
405736
120945
610137
357291
555556
793492
611799
667351
465024
146023
468067
897292
728943
656500
834088
931797
743224
598760
727895
278970
816581
657748
785028
131090
992651
70414
749022
11836
952592
775092
794697
206185
561054
720912
575450
381712
355842
150359
508334
225221
969601
893708
159975
240676
88729
932162
250564
577831
445103
828030
214812
264919
236058
758522
467255
438880
789322
21510
457673
979901
955094
79882
848204
624914
845346
705894
449401
726360
664105
562106
444322
238514
720877
689985
502255
582623
171064
315032
198067
275913
505101
53021
27242
154298
616048
384371
326994
993710
756815
784929
13986
110851
14732
429146
416043
756108
612264
796247
674314
167622
569421
616544
903431
92706
143992
195179
439758
790401
25089
602395
724231
643966
591880
877417
569748
700644
223422
69984
917543
858240
151821
53250
71165
938706
21669
364360
152122
835677
722788
913991
105250
770590
801953
225198
19953
497433
921622
87020
466521
777358
830247
30830
988630
236747
919379
909190
406191
873179
529270
260711
416843
791004
202808
882829
315180
379438
350806
96058
637133
910024
570315
796570
263956
273572
65946
521928
169972
752090
241275
901737
218211
781387
579936
244022
272690
567924
738
932696
927758
265442
753101
587500
273425
708676
563780
242086
880070
22364
743699
193041
786616
461840
289743
130036
918389
538077
325228
884241
947492
807531
887515
953927
51072
333627
535197
851415
257520
971260
104297
889347
668421
662334
550582
135442
591887
848062
353062
483697
816860
244319
387407
347827
273934
334586
604966
845369
344088
250124
168586
400877
554773
382030
535403
51240
832837
822754
328021
286836
24036
762217
22685
826923
591401
154545
619366
415038
156312
787852
427728
90066
547268
659516
892479
698500
284837
821386
794947
188941
943825
687029
382377
331265
315994
389704
568733
385970
498117
200452
769274
578097
386402
369469
27632
657460
219277
796929
161041
327059
193215
71986
824824
695533
469137
65141
787990
226791
639759
921795
716442
54228
385589
415389
315581
494897
735945
325084
485031
57927
717652
315174
175425
161843
947774
603325
170584
916482
153349
297905
195754
928246
419610
405366
405521
610790
513944
16976
791817
647169
927585
926507
108832
120371
327767
276551
33849
750688
747444
960144
374396
937741
168519
903435
563422
478558
489356
541229
736328
749050
371238
383622
667558
543434
634363
287642
698767
878753
823340
704528
754572
306742
392688
137220
373831
121164
950092
81271
971666
308146
889329
579238
403344
63334
696178
45880
298948
514709
532704
902992
9716
929854
11843
29635
984185
678516
725495
252067
980582
512514
508578
972538
509587
288744
800718
332691
604613
600772
620839
428337
86075
193932
771282
977443
954263
958584
397607
509807
645544
870333
784397
657579
326224
208243
873137
981804
896598
25112
704419
91477
905675
682989
332749
321873
912913
912382
672144
402651
187916
218111
566012
199674
475817
33874
371116
996811
286214
354342
112636
942006
636285
126585
753961
570563
304784
589181
528131
628357
616754
971737
58001
140276
538224
637702
606721
344217
273019
272730
10890
309666
41106
923490
864096
342933
469328
990375
651603
342369
753231
929747
352709
366288
42552
189677
737798
48537
880809
841025
408398
612115
922305
272091
709334
543555
902283
52913
491539
201558
937796
954976
688144
637098
971274
396495
639014
716102
727204
949872
107867
452395
158440
488613
219605
760258
50893
32895
460025
826100
168654
684513
251045
826584
564918
932419
878086
614919
767822
986066
481814
88524
336673
174261
33845
981368
218345
708971
578659
219602
231768
512848
987160
66667
51204
57983
663488
707854
36975
349584
661079
917078
313586
77762
931484
635867
985670
928948
902389
697796
250735
72270
328287
255872
630982
475389
50639
930320
22113
765595
553514
23100
356513
586732
504606
430758
258199
938116
665499
229243
80339
669639
179698
637253
532939
51657
979784
27485
915813
438740
960310
984638
903202
961351
141377
369653
754022
570715
253745
369525
20456
67649
658960
47112
306290
330407
764032
165599
292117
256410
988601
719178
994477
419654
662559
178755
434188
902872
358908
956324
866374
704388
883679
552185
650713
711522
352144
595056
771958
90739
165998
891053
475248
90882
259560
121082
121024
767014
609364
322140
576051
440036
140399
964608
810289
217649
185522
223252
5866
290133
83149
588787
888670
928490
322434
642040
866633
489028
985057
466868
921834
472875
955164
111930
427567
117379
104198
781783
115583
166605
213805
35871
381987
94406
453264
401570
545938
373101
953470
819390
532567
622690
745614
254414
707297
30890
386869
320832
162599
930063
722759
386501
519478
861028
275469
931553
327768
714214
246975
264546
785059
129790
181342
817389
264859
414820
507248
836851
913732
523421
42585
651843
51977
999205
369555
330426
254850
559591
254858
836629
800102
135720
282647
69159
609933
77956
669654
313254
300511
953553
686118
298335
662559
375840
673468
639050
694350
971234
441380
892600
124093
475750
574038
607336
285043
889792
168753
866426
513718
275142
806038
707771
981434
616628
520036
35807
455075
543023
658891
972108
564537
475750
325007
381074
289575
911637
244443
461433
502384
58916
320319
111924
299503
636140
511880
666865
140872
819417
664443
527570
177841
757866
573806
285941
500183
452373
490306
473519
280110
426248
942272
586904
520088
810251
454991
440576
909937
643457
636368
137664
691893
324110
258582
558506
534607
709458
925061
160290
80319
827154
613190
794246
752358
655864
789668
339081
16369
949681
172230
336861
759136
616948
865929
467406
925682
343267
305593
975724
407151
631241
799149
241185
577617
537348
632828
626273
795216
52092
259167
994302
701449
377745
905765
643739
407818
86675
294477
690297
625724
835498
986755
621421
374061
928662
870906
98610
160762
772177
502050
165019
514390
654865
353926
787745
706425
92714
666182
990234
169127
550095
719468
399371
601947
245241
695212
324884
723216
97952
992957
811209
857389
145062
336718
492834
512587
765843
694311
820168
741220
526843
590237
291855
653401
775740
183281
429891
44255
785572
806278
636571
668424
928111
532862
911691
947050
554605
44976
131061
314414
183682
207815
85759
841847
95815
582266
38912
857772
797903
647331
801043
339044
292100
887167
784334
562413
53807
177473
382157
171513
120022
318739
1191
252774
1983
353834
357762
928872
991635
257156
782531
220565
506590
962689
930333
580237
558195
233435
393611
65732
774893
162884
149337
22126
431759
595099
473691
651078
63629
493002
949569
548858
960228
510846
769283
985974
198628
647428
910454
185995
687182
302589
388865
306748
241496
811838
100713
932965
610381
545734
65863
734921
801489
838364
800988
579958
62850
626757
467259
562647
467771
901791
335908
307798
874994
105245
783345
897132
215809
569056
860265
408774
73474
316590
922611
744725
846867
115025
920740
422259
140856
267471
927673
179885
203552
231681
543648
971377
515008
596050
952625
881429
487388
685398
440826
209793
564580
341956
612215
909691
400123
886738
327265
774093
643666
810987
273053
189781
718963
146576
566997
74153
116698
888200
152356
431204
434749
701445
368491
989010
858349
748821
707521
309108
593621
299713
904007
548400
144286
746758
130456
573208
232181
981933
171872
984085
552676
919113
392964
453936
643357
362189
955071
9020
801558
489863
99469
588964
993997
582205
473535
398605
980013
862882
384303
692007
350921
839413
818062
768981
510277
78839
856857
313910
562708
245639
911722
748752
670299
742619
894635
326169
178101
401821
1957
718689
606672
99040
313398
951455
448372
723965
980449
360470
598372
669838
983808
713443
997533
305607
557652
933350
980411
395756
885053
455307
374075
618482
353733
323508
991963
894774
935126
536196
317918
348436
620876
608459
604139
92838
919589
399305
401429
497561
851925
391201
858614
246189
842166
855260
406836
385801
211933
98198
82725
461176
278920
790281
907215
75140
166835
39668
338248
80173
321866
185383
90044
42950
26808
127598
927949
204013
585373
71191
214165
131621
104287
542114
382343
926226
68632
959045
40563
775440
329453
342233
135272
557359
903486
54052
248563
154639
653561
340803
673670
870933
554633
484724
947444
302215
258092
164734
935385
547018
911139
876733
409751
966325
187970
568910
447611
667857
881895
801811
348285
691631
651911
223459
810086
803942
8036
105233
831436
82152
109467
295704
67065
486593
604249
312800
544618
193195
557806
515375
321587
210576
353402
235567
576192
685917
16067
350743
975798
358462
946473
493369
773239
346684
94961
81384
266500
332401
793789
851140
815678
191396
185180
166244
722181
835909
496830
695262
859841
79366
520256
326901
412735
871187
709030
137248
403699
755440
873318
947699
230684
318958
542177
986285
557253
64778
332333
540445
556007
450466
282829
815793
930796
716501
450754
935516
297038
980598
765562
587939
216350
952235
450087
354053
379681
489512
967851
492741
991061
999748
842351
195093
455185
518965
282707
956577
733770
38317
594304
440117
112817
694928
557145
255947
230074
753680
995343
890869
613624
442727
126291
999715
617252
240752
584615
191890
761021
60387
275470
224977
711881
837675
626722
452529
507705
473830
183684
313353
370922
14840
553133
31651
163144
227212
978787
83335
242765
461544
582024
134497
852583
901356
569677
968081
881272
134759
12419
129936
292151
413014
329874
683706
506420
109434
22018
635068
468856
598037
698039
464730
68106
787137
422842
503389
991246
411692
100273
367640
102665
758259
1457
214358
974720
700122
677162
456226
870205
320934
971521
656755
76467
515735
822843
413873
733305
140934
5780
588456
476722
495190
715312
245384
637198
32154
662313
321750
869481
24195
654215
547572
493009
930308
915277
649927
758309
842180
288112
488330
673816
232767
843811
618415
546197
478138
831501
52077
192125
884961
253468
393643
689099
737087
430195
214855
553625
404056
860031
900803
165244
94182
167783
739020
633161
868911
349282
29225
416059
148927
907106
690045
115373
647623
430958
772664
830785
828818
738317
158304
575075
233888
626078
80759
735912
742881
207685
519370
657488
623247
803904
571158
144618
540648
270871
300375
597975
348871
225394
98798
925990
971486
142276
747054
698271
895954
606437
251715
398555
719411
133950
724799
958672
474647
116509
108866
233195
16530
833833
608070
493718
237779
601903
910149
600089
892638
47322
429511
613532
157089
576130
810507
556427
196790
589467
7185
775186
417588
569166
486146
975111
855218
248548
620221
437096
398874
832991
902335
140089
451621
795811
996398
33104
315320
85905
305922
396972
221723
498101
599697
169215
8786
732437
975733
745164
126554
394602
196828
707371
766657
604075
619179
382186
639522
333188
96464
181134
6268
277734
571235
922679
92591
849464
47415
966945
421970
815403
980931
105542
740851
243755
961768
269665
698924
710385
843679
81550
134494
843637
280897
213774
708877
895233
218545
169574
306136
86113
328873
122406
477587
793462
172000
913671
897923
648874
636757
349870
982581
651838
118523
970125
615163
724352
552513
274153
524996
120280
705341
446518
392663
532608
822644
873822
87596
329556
158600
36704
749287
29119
535487
194005
642738
370581
766572
478926
476085
245183
802812
947098
378869
161745
63391
349412
373766
573304
116496
523000
494062
725583
519683
124710
728856
983504
487019
74751
847602
353063
250981
596349
112803
445090
31556
32895
234860
909637
858297
863473
405210
65659
509471
766346
43493
8743
141473
173615
598889
70423
86921
100469
866558
458842
983717
917955
520438
36456
691031
210710
311346
334080
881978
542431
305569
749327
477549
787783
639510
942540
306173
975186
361989
278369
616115
875937
193819
592579
906550
742034
215991
899682
179935
672130
804488
799996
239256
936498
333700
556940
815919
973575
645634
528033
660093
996459
694516
389321
480685
486866
462533
5292
452331
717143
899723
153460
156395
956612
77993
807850
588051
86512
512196
691868
827846
622211
487200
415482
925454
940629
115990
919297
951845
666613
548020
934735
874080
356166
174833
760084
939001
412931
109387
626089
276919
773986
682751
777339
242492
525079
893412
533408
63659
675311
272037
35466
996852
298141
364249
127001
384381
39954
937153
419722
400622
707973
58269
339021
477529
224658
548523
549813
673541
489278
85053
161161
413398
528729
624758
279799
278170
473020
217505
77928
418674
199218
157869
435951
941787
424243
679625
402714
245080
681420
447256
203947
63806
706074
785745
309281
112859
521652
182070
682863
352132
352873
854447
762318
445946
819103
646979
963118
346360
245146
594546
552391
513820
149021
207601
867215
410799
688043
394690
883780
611603
223910
916336
516840
203272
659417
98340
183117
785755
28049
907047
725766
799403
758437
5173
610493
165401
406103
856634
878691
840139
881747
602092
166018
172509
24276
93444
533038
688934
561126
251674
113178
694946
154438
343260
656006
989057
728293
694634
109014
840651
47179
330641
145278
336750
767897
356323
862746
238118
765735
149040
821978
300935
634892
73443
285595
409258
817083
948922
286096
607986
129098
654115
234463
16250
407247
310128
763656
485085
163619
268407
238656
619361
761032
938185
905564
253824
238055
918669
734441
218901
43889
491576
258648
532832
416424
963242
163542
342965
578102
473256
479034
460679
770555
785970
892824
955789
488036
193217
35058
840399
840374
40031
713614
191823
990571
376674
623075
728214
93619
833606
491117
329690
948891
951462
701728
342345
15819
623831
749497
922420
839337
87650
185647
299355
910556
645787
655113
102161
923115
864738
85385
16396
300995
798454
417158
417163
101975
210161
125975
360292
931170
549028
379307
876649
676360
470799
601718
103350
888218
822845
719686
500186
602809
532474
854132
688032
975954
574258
17717
267385
677191
653032
700432
719559
50542
777359
36778
142280
29554
274377
734781
156253
343063
588409
16103
785846
869852
352711
426079
529245
359481
818735
106178
251419
636936
705670
199627
838986
457920
893067
96930
785849
510555
113702
425611
706677
394522
721792
891839
599930
379167
150398
202264
609974
121335
556827
397541
228278
515707
560160
513309
106736
983179
399555
627569
892012
855163
170970
594234
620943
274442
488058
776338
126341
559629
869872
957054
557194
332267
690843
588297
977046
935745
8612
21740
814819
697894
674780
136808
945244
939080
176816
567350
285923
569333
692235
201302
208959
34998
489097
794437
598945
141910
470995
85770
140753
955008
583515
691118
72762
123782
436342
307723
247950
29310
702545
845565
608855
948359
65297
353974
564956
799593
131531
828462
946476
561306
418780
928503
824649
619293
826343
518830
364084
246662
301993
37261
723986
793688
963194
403038
307448
977551
197475
54218
79704
723321
298390
370128
233671
134078
85198
926353
299370
573697
182980
400775
521981
51743
759435
71126
2303
792533
327625
395963
378558
991038
474194
176225
45114
887161
582754
404114
643385
281001
6007
84682
35046
763414
658185
134824
92007
887664
409639
324990
17786
553012
102511
354439
884042
113960
375338
756344
38164
188416
87042
311535
561520
72099
757216
622344
255167
608967
991142
697231
497072
984632
342022
133455
461934
446584
171261
500105
920874
238593
160816
197312
86208
329382
731617
919025
917256
288727
907342
255009
564028
905155
752102
642062
553793
922264
839337
276615
733460
969062
313051
905240
685586
77857
947428
336669
517156
218053
408519
892343
161605
133268
789949
215773
328753
894011
492333
451530
853931
321107
634315
601812
214507
635715
921674
822493
108899
195202
142911
550818
745133
591418
657044
517809
710867
669448
793765
696247
909242
704928
441338
776823
778091
60558
487073
639959
42239
641559
1192
462933
848743
699838
673012
44246
557462
974946
661249
767583
646603
613636
38519
812189
219006
631015
818277
362078
383782
192400
338588
465634
389925
412141
632363
930252
10321
720850
344114
981171
263648
471966
136101
1110
698671
315964
821087
29484
323759
554246
648416
307096
514541
698883
134245
219707
2044
110417
533987
555300
300864
213406
34271
591522
834074
986000
25517
859643
968555
702469
78467
60341
574407
280884
977848
59601
384632
956722
392607
503703
481964
771345
82810
729485
314236
993123
610845
857345
70617
483164
837345
66822
726229
301333
314689
757179
100875
41901
273300
135174
384813
717962
26215
103008
543080
129597
466166
277322
758390
918660
729415
167582
194112
151401
226276
19264
33325
130695
533939
324339
251083
812972
62195
311112
162649
598426
645013
932721
516206
526952
646965
738611
721354
913158
48691
743994
384760
319902
283250
762246
18460
521429
221357
44227
452894
212016
642097
170167
660403
402132
179387
7957
60677
663397
978862
801070
491327
901456
918577
330759
201654
293925
969507
489221
567287
154332
421244
36421
578985
501305
484545
656968
814943
675401
485987
585036
148989
116172
580789
126582
671491
167213
950152
845994
861499
956140
966373
832381
251771
412892
335079
614274
312152
497544
376818
739969
326759
937201
20884
370438
351537
814003
938742
311893
757810
284550
57150
120699
950606
345439
548613
866175
933713
277110
724592
288120
716577
670627
897517
358968
424963
583778
854796
928102
283782
398325
289079
412842
162575
823081
430736
494401
565698
998768
802469
716656
939659
383021
683986
137556
900614
455439
637108
561752
29649
763796
796229
263297
591723
512239
543961
219619
520137
528517
872500
535479
571957
956048
693958
689988
231395
849702
506884
765881
411986
91668
33123
604573
312859
878052
269619
578973
989402
8191
355479
949700
547958
120299
794013
797002
226766
872756
694206
137475
419585
596777
114547
56184
654490
634558
352625
11283
756119
567311
763908
635955
572756
85700
354628
684512
244697
804559
289461
521112
863549
750226
354817
712264
147509
946334
161354
183574
287165
792151
307951
103387
756001
582707
337437
146222
688552
806881
670415
244059
291742
147526
157411
912371
217981
595490
679578
160253
345143
440785
398252
161162
59299
516654
138822
99111
653185
890450
99297
775659
250411
114490
317888
950383
433371
378695
504262
164637
399827
626398
424881
675617
926509
372207
365111
92477
861439
554323
631483
828217
439914
1039
33068
376183
822784
701110
84603
46373
56015
735530
584823
361483
187278
808707
533318
926468
713123
495368
409794
510793
690959
596441
805677
792361
578423
374960
817747
540437
662544
946940
908923
429975
332517
287597
172361
12643
487752
647886
548083
567686
865107
231755
402334
610171
48921
450772
223892
327708
411119
378970
397924
916086
351376
638647
730071
103733
259761
262634
744906
348670
621282
541951
782509
648540
776990
305229
90966
713873
472751
511833
279491
544590
396608
843993
668522
621247
946945
674514
158015
678717
725297
693090
815170
177191
551819
696218
19329
981707
469647
907715
68785
912765
957163
78274
950117
875786
690566
416662
336553
510919
221354
524093
276286
985154
996235
90038
403121
91226
521080
12770
517594
104235
76061
816004
621934
621729
956594
97575
785346
577774
38276
202463
632989
641558
675614
581991
492216
492839
478932
362538
152980
565767
892651
791005
109688
2085
166120
113417
109382
35346
718068
158118
587577
470120
642728
302371
837950
401000
104187
775043
678123
526562
582853
353121
991840
60557
769327
555476
767225
52406
797626
404077
59693
965397
413032
884381
237702
742716
108875
781620
884093
642729
141800
548548
903601
944378
461766
724068
498308
417024
921945
178512
474322
857772
447878
799406
436623
468773
927187
845995
825212
490428
844269
846596
459782
766327
794580
677537
13755
267402
626919
117019
53673
653988
847367
856351
788885
876644
90283
730090
574485
756524
476416
756724
363147
276494
708090
108649
484222
923492
558012
353874
696214
43452
956128
136659
953140
704431
880163
711053
394412
85459
20784
285923
307104
421318
222727
416410
54906
254315
445770
583706
340549
693809
374116
35409
122345
586446
655767
913463
282561
811148
256480
420140
393114
940602
418376
791037
63819
926339
224330
484165
924460
319387
342684
338544
903988
458325
797916
525019
902003
869585
178392
16791
155304
651539
365242
648589
573312
383472
481486
471227
831276
295202
67506
537372
691037
703162
61337
997414
188831
582324
531707
726829
192143
75686
67293
23461
281338
705043
592824
30916
303892
350556
154121
979654
820434
214038
212276
613898
828196
990071
210326
103578
733650
382825
774566
838152
490482
55233
421254
46899
59268
826313
133100
81065
143530
247737
732263
902055
899015
766341
6993
476731
108466
935952
84880
191690
256471
712958
663432
593774
365162
176551
27745
970295
665673
705063
339312
775891
153198
285394
853572
340168
324749
259141
568143
795677
514192
623383
865136
988377
836717
283759
633497
983587
720608
179311
687778
522120
754762
283726
592873
204443
830246
574148
311843
977911
958116
46622
979588
615968
389092
957809
627975
323528
199248
713515
754714
732141
891094
522693
461738
688991
178689
960596
131206
653408
403187
716927
474994
400484
579969
494347
991051
506999
249131
423826
924497
702590
830326
105491
431446
217365
17768
590690
943234
933208
164832
965888
617729
129149
506255
609605
300041
268255
666327
589626
151947
747093
160062
743235
203573
344641
664910
477689
474658
964517
514573
951638
470495
898671
286100
420426
202395
493781
313807
782314
21930
485915
318544
437192
468214
318578
242384
750109
191043
678970
622146
701347
129820
314984
786325
321024
792351
2179
623239
603420
97634
483144
571169
112467
70273
472430
628563
44614
172166
779716
808428
271692
608627
143030
809909
75206
710958
494446
723115
109713
97801
853079
658008
829332
223534
152252
16909
529912
996900
87311
821758
202487
328960
180870
71994
443982
133354
106912
120773
936268
537547
228870
544084
414093
449808
239308
241700
971072
400542
367894
615223
748387
224210
841367
621996
847056
218995
304693
260666
802481
486199
955081
868680
249488
135278
527682
667180
870729
874319
319273
879807
579040
235550
797375
432602
140271
242678
185218
292143
542968
125944
195278
662597
422105
520976
962273
362257
921821
839649
735927
14574
262191
775437
332692
579770
162985
8290
631648
764364
520330
18788
685548
720341
770310
612531
128531
484498
781496
565721
750139
365803
388531
580018
502971
866795
979958
514168
283350
729501
925693
762346
28646
281663
699892
11481
106388
844070
531015
286287
739780
437422
6164
931804
432525
944283
672002
571646
538725
527377
861931
827180
500956
851436
802549
686463
923647
752189
418814
681790
111837
331042
757877
426500
476198
250817
3078
516368
265455
98336
569005
649385
557777
774372
238508
452588
844210
400037
578327
129780
519323
89834
403981
129892
523400
892166
479745
764499
311039
6606
435446
571157
301528
137973
313417
483362
495643
980295
223720
830630
385414
570238
273953
810789
399021
373572
734869
471816
388220
69574
397003
707527
143513
996465
972064
88629
782436
344397
882844
316451
547936
75762
832417
529714
634155
778474
494141
234809
947497
212325
164254
965582
301055
64851
441829
832693
217851
311778
426067
993251
238545
506900
749280
992173
119937
742843
909226
276370
830804
699988
599498
303969
469124
133182
257923
176649
886267
102485
931348
516027
907764
354928
602157
671805
835006
814259
544766
867150
824927
809553
896106
708978
903765
608097
45082
468313
300344
581596
763119
394160
156603
262577
626127
79875
706513
585669
897505
873485
68716
661450
587219
698526
764896
562107
418200
269415
618022
576113
111728
710885
183101
172325
281311
575336
964203
879939
398975
70527
186850
355751
355761
135298
329981
705398
542511
292284
871209
307100
917949
66291
417057
197789
231486
973524
670929
850458
977763
723456
62940
344355
230590
432237
689145
174067
956085
549626
234680
72780
652049
503700
991331
174000
108086
936638
821567
883257
547885
477056
370354
120342
895773
143214
874686
663906
215065
17299
997419
444962
383123
699323
913988
21467
102765
910170
150455
69454
426992
778460
585248
148497
783702
70922
178079
538892
942849
711637
169061
575052
2255
622531
44558
778567
579653
967411
457704
381741
86248
707982
563795
161191
527850
248844
982464
924910
908545
798240
682203
48651
497108
299714
703877
227175
782159
299863
493178
127630
573143
503230
135698
545860
214743
291769
211171
358212
506615
637878
112515
470225
118318
257018
870507
983995
342318
58153
261559
902257
535678
916980
913930
935037
704102
294239
484430
385184
584771
560365
124313
927690
656698
765611
962155
826998
351625
429655
436948
118624
17593
892971
807986
609508
65264
555593
39192
617204
70243
424324
38219
280502
520552
169352
18470
129336
963177
498344
905629
333905
797173
415106
216478
377877
499312
402321
446803
28212
493291
80335
324100
642543
610382
611013
349274
491320
345266
223152
888446
327910
154571
662993
122528
875026
270850
270162
984916
541969
967393
937104
18966
597005
613032
510537
550830
93122
656765
531364
603055
769747
327231
854935
705625
188550
241019
19000
328094
638819
34039
485348
200258
761764
23596
728390
204955
381785
82578
31237
393784
59227
374611
400204
394910
437546
963617
717239
579438
398502
889635
457559
824930
630182
55370
276898
886710
579065
897155
129210
147491
912567
736901
754072
893126
471106
682633
427861
363808
796446
438554
591381
338102
63083
137346
304016
678041
767291
835236
745150
623168
126868
729192
855583
433489
344963
937424
295844
197310
980187
636202
720381
411980
320585
721630
4224
745583
446805
656871
619890
987986
667703
584926
456822
264947
99283
815474
165391
698602
936659
914612
491860
39945
94880
716303
741999
796895
775421
434133
940689
172567
118976
444532
514102
745022
645357
962759
885264
797474
428336
92617
202835
144277
24695
905508
649948
642769
435562
253863
108863
529461
474184
787671
61995
294510
326303
414940
76220
864049
357416
19228
879645
429924
908924
430629
641048
37276
244087
28420
80444
301633
184872
856883
21738
131022
524145
476014
701244
967413
800834
955430
436497
230304
608492
15311
290745
711121
84516
516948
699514
788202
287767
271147
635837
886665
29220
35522
8088
671243
698619
264152
400825
451442
443792
344425
533163
90785
755259
579649
618696
979460
596271
786418
67644
537228
223445
344353
971185
160472
37828
655994
386588
349679
543135
888196
422372
412522
879500
446350
602410
947759
220364
368329
774137
593367
986428
119600
871756
293041
797031
820833
765814
834720
803718
278991
335666
108767
373781
115601
298311
233317
299410
992658
751575
50340
283861
630635
404101
502571
102855
994510
278273
266859
323136
748185
739506
699030
842177
847434
772926
443171
31434
585810
266169
616878
202458
880514
974695
331773
874177
454242
689840
446430
18275
279777
135775
105260
541195
88102
226006
836144
288105
404101
800914
961443
185578
267469
935127
453073
486322
59518
348216
177818
561849
912087
767493
541651
348735
767438
397969
716425
645037
108313
568990
677
975690
411497
127784
393579
773142
504759
870155
339677
403846
312375
954833
623676
543133
840104
222620
887982
397860
241805
102316
70203
371014
828662
150542
84849
59850
24119
813346
753000
615341
585850
458631
571424
634523
321777
803749
953734
736394
331683
295638
651926
379060
902120
974641
894874
458927
866416
91765
314576
457514
691837
64399
370857
280454
850353
728328
932782
850318
968001
146767
841405
833173
423753
4702
422130
95915
366586
698122
372449
677819
836974
21548
60415
284676
126172
942184
166368
722290
384551
316375
217690
640344
697873
866773
258313
969549
910221
906472
209388
68832
937841
155723
329645
198712
722634
860055
328254
835917
702730
43597
783519
940157
475804
329410
971068
439692
494808
473511
678450
322427
809746
890548
963890
261123
101901
650417
694398
894190
864333
719457
140177
19987
933962
867019
10588
855852
911488
883110
275306
538773
954147
94368
244004
756452
801840
990411
620145
823903
167839
568356
981237
288094
807029
117954
507067
867134
21046
368792
985709
134271
467319
762599
345728
525179
532240
917123
178605
689924
647536
909503
803673
742872
940236
947511
589398
40451
720368
161147
966530
29650
413366
553235
957133
151471
555539
694068
775257
618334
50958
722301
818874
271571
18381
326958
702812
795309
486600
955174
791684
516755
560350
125974
774767
779562
789766
251464
411478
849392
602910
189702
408083
101944
985695
219752
656157
457922
924274
745214
284271
92918
660315
916181
518344
712829
830932
119274
286027
128188
88885
79401
128006
926894
582094
82656
234895
328413
502359
896261
253515
875453
358015
622944
998472
819493
320864
670998
529354
187371
424980
827860
203619
253210
420129
107540
359739
945107
405391
184847
877040
754237
380763
368895
966230
690346
89348
471120
216799
363464
444610
303458
640726
60544
461654
222269
37126
896814
134973
748690
736695
803326
978366
146346
812760
484127
587683
904750
425848
752679
556420
677074
619758
186755
410430
768926
874713
463641
696451
213786
187970
166844
261067
17941
229982
174347
714857
115154
708719
561830
905528
168400
624137
827982
170036
436533
762482
406425
459877
588694
263459
366222
596149
84645
530539
204131
923107
300536
24435
959312
893136
97074
240412
798799
719863
383056
762052
228275
157178
857042
677544
701730
173847
333635
922339
750641
607161
264103
406485
17242
564843
673793
402975
220700
471847
887166
965002
820272
743501
41921
947335
384995
653807
683212
672465
504276
587657
197511
682159
172812
609294
276209
986133
769845
312221
759904
598186
272889
862994
407030
290917
801656
590265
452514
162512
416613
541342
701136
227311
337918
846784
819630
79994
541158
21924
569564
730309
772128
792069
743024
112129
430762
338728
163555
72283
711732
46734
661275
780802
788987
620227
587285
230470
73415
248084
199790
478300
888061
819230
305295
619710
390178
736000
318707
540143
959533
731442
639191
610716
683718
97071
924541
876382
779297
67278
294428
221148
332146
993903
859495
536590
72204
656912
515640
156892
384794
843199
909977
954148
855928
279082
156335
798043
163055
89746
837252
204875
732875
737950
593519
819706
848731
745740
297570
977643
616965
258178
197264
259646
550403
371203
12217
137010
810814
743805
24083
874187
969413
713151
759127
741006
857066
593735
300325
436714
508089
585465
976276
701553
130710
656044
927194
145283
408370
1503
560916
61067
965033
39305
319668
78371
547580
368590
425412
142675
899110
867917
642139
298807
483101
920854
936283
929918
607654
578745
807203
748686
817749
542074
457624
20549
546656
269920
250443
567835
880479
42284
67335
844451
886499
308007
457658
166896
965616
79445
668542
529237
512664
203973
228098
377604
195957
818314
912665
160599
540674
975812
84639
249517
176470
738199
909892
7981
9727
499262
504566
333670
555703
498424
315951
118615
672134
406560
549656
525642
416499
510746
94040
80539
422248
59241
109566
170646
868001
412446
432711
161662
497680
939371
133196
23594
339857
49750
233355
709195
380037
209417
557648
220936
448141
212678
364479
550346
444197
561015
766337
656532
428890
414307
323081
405321
542954
598973
213506
62737
755894
987415
910295
88215
643750
863156
746270
587242
571289
779450
965602
428739
624839
189446
177035
779366
117174
545882
804972
186337
978133
857969
867113
799409
417401
484660
635651
639428
885489
898053
156546
41690
139720
561784
775741
791108
216598
458977
749449
770383
659523
805704
742524
542970
426138
392697
414749
631586
592837
584568
561258
243327
7339
533778
983300
378055
474850
861647
712443
804272
160915
322308
939250
268819
144361
249349
417327
883564
753589
626423
21121
260478
859106
874371
210958
741715
90640
312550
787896
101089
205071
828837
864364
82888
713209
703582
151559
175608
121772
712250
862820
818096
140386
883199
567942
134433
466479
291266
786143
706737
832791
58425
585211
714075
77194
742575
102092
989875
85629
137040
