275896
292271
362719
729349
936115
178921
4114
19185
486656
338248
278463
324400
131649
559970
310579
183522
759788
920215
243905
84226
241659
340059
434883
955455
739642
703330
522175
28027
274877
672934
421541
929439
72372
523096
722229
929497
400471
70817
902718
985779
184187
718547
633601
508433
177159
420209
723508
595207
835584
404311
127010
545941
550079
987336
130224
409344
47941
52306
402618
644941
900581
789600
669851
974621
444639
886108
655692
342944
5837
711998
981475
436535
942582
811510
683965
6314
741697
860530
597111
838274
942596
177100
741206
532421
118905
916
469127
135052
187409
585717
675712
304514
920739
874502
739524
504635
715837
927471
73734
660782
439259
